222212213131212133133331331222213333122221333312222133331221
222212213312121312222122121222212222122122133121213122221221
222212122122122133122221331212131222212212122221212222122131
222213122121221331222213312121312222122122121222212222122121
222213312212222122121222212122221212222131221221221312121331
222212222122131212133122221331221212213122221212222122122121
222212213333122221331333312131222212213333122221331333312131
222212213313333121312222122133133331213122221221331333312131
222212212213313313333121312131222212212213313313333121312131
222212122122122133122133133133131333312133121312131213122131
222213312213333122131221221221313121312131212133133133121331
222213313313312121313122121221331313312121313122122122133331
222213313313312131212133131331221212213131213122122122133331