22122122133133331213122221221331333313133133331213121331313
22122131312133121333313133133331331222213333122221333312213
22122133133331213122221221333312222133133331313333121331313
22121221221312131222212212122221212222122133331222213313313
22121221221331213122221221331212131222212212122221221331313
22121221221331331333312131312213313313333121312131221331313
22131333313333133122221333312222133331221222213121333313313
22133122221333312212222122121222212122221312212213121213313
22122122221221221331212131222212212222122133121312121331313
22122221331221312121331221312212222131212133122122221221213
22122221331212131221221222213121213312222133122121221312213
22122221331213312121313122122122221212222131221212213312213
22122221333312212222122122121222212222122131213121213313313
22122221333312212212222122221212212212222131213121213313313
22122122221312133121312121331313312212212222122221212212213
22122122133131331213121333313313133331331213122221221333313
22122121222212213122221212212212213312222133121312121331313
22122121222212122221312212212213131212133121331222213312213
22122133131331213333131333313312131222212213333122221333313
22121222212212122221312212122133122221331213122121221331313
22121222212213121213312222133122131221212213312213122221213
22121222212122221212212222131213122122122133331222213313313
22121221221313121312131221333312213313313313133331213313313
22131333313313312212122131312121331313312212213121333313313
22133122221333312212212213122221212222121221222213121213313
22133122131312133331331331213121213313133122131221221333313
22133122133331221312212213131213121213313313312133331313313
22133131333313313312121313122121221331313312131221221333313
22133131333313333133121312222122133331222213333122221333313